0110000100
1001000101
1110001000
0010010000
1010011010
0100000001
1001011110
1100001000
0010010000
0111001111
0010001011
0010010000
0011000100
0001010000
1010010100
0011010110
0011000001
0100001110
0011010001
1111111110
1111000001
0011001100
0100010000
0111011101
1110000110
0000111111
0010011000
0101111101
1000011110
1001001100
0011000000
0100001110
1011111100
1110111100
1110000101
1010001000
1110000010
0001001101
0111001100
0010000000
1010011001
1011010110
0010000000
0110001000
0101010111
0110001101
0010010010
1010011001
0000011110
0101011011
0111000000
1000011000
0100001100
0010000000
1110111100
1000001000
1110011100
1101010100
0111000100
1100111101
1101001010
0000010000
1101010100
0011001111
1100010001
1001111110
0101000000
0011001100
1100010100
0110111100
0001011100
0010010011
0101010011
1001011100
1010001110
1001011000
0011010000
0101001101
1100010100
1100010011
1011001010
1111000100
1110011100
1011000000
0011010001
0100001101
0000010110
1000011111
1011011100
0100000100
0100000101
0110000100
1100001100
1000000100
1110011000
0010010010
1011000101
0111001010
1110001001
0001011110
1111001001
0101010110
0101011100
1100000100
1111001100
1101000100
1001000100
0110010000
0000010001
0111000000
0011010100
1001001110
0100001011
0110010111
0000000000
1010011010
0101011101
0110000011
0010000011
1101001001
1000010010
1111001010
1111001100
1001001100
1100001001
0000000000
1011001000
1001011010
0111111101
0011001100
0010001101
1000001010
0001111110
1110011000
0110011101
1111011100
1101000100
0011000100
0111111101
1111000010
1001010100
0000010100
1010011101
1001010100
0110001000
1100001010
1100001011
0000001011
1001000011
0001011000
1110011000
1101001000
1100111101
1101001110
1101011110
0111111100
1000011001
1111011011
1001011001
0010011010
1010001010
1011010001
0110011110
0101001101
1010000010
0011000101
0110111101
1100000010
0100001101
0010010110
0110010101
0101011010
0101001100
1110001000
1110010100
0101011011
1011000100
1101011011
1000011011
1110001001
1100010110
0111001000
0110000010
1011001100
1010010101
0110001000
0000000010
0010001100
0001010001
0110010100
0101000010
1011001000
1101000101
0000010001
0110001100
1000001010
1100011100
0000000000
0010001110
0011010101
0010011010
1111011101
1010011000
1010001111
0111011101
1001010010
0101000100
0000011000
1111111100
0000010101
0111010010
1101000000
1101001100
1011010100
0110000001
1000010010
0001010011
0110001011
0110010101
0110010010
1100111100
1111010100
1111011000
1101000011
0011001010
1001111100
1000000100
1110111101
1110011100
1001001010
0000001001
0011010111
1110001101
0111000000
0101111110
0011001100
1011010100
0000010010
0011001000
0101001101
0000000000
0000000000
0000000000
0000000000
0000000000
0000000000
0000000000
0000000000
0000000000
